0 0.299687 0.762075 0.030859 0.025045
0 0.502281 0.538462 0.028175 0.017889
0 0.549911 0.516995 0.021467 0.017889
0 0.566682 0.493739 0.022809 0.021467
0 0.396959 0.507156 0.021467 0.019678
0 0.440563 0.531306 0.020125 0.025045
0 0.243336 0.423971 0.020125 0.025045
0 0.098435 0.474955 0.022809 0.041145
0 0.296333 0.325581 0.016100 0.014311
0 0.217173 0.250447 0.021467 0.021467
0 0.256082 0.202147 0.013417 0.014311
0 0.271512 0.174419 0.014758 0.012522
0 0.311091 0.203041 0.008050 0.012522
0 0.335912 0.169946 0.014758 0.010733
0 0.187657 0.130590 0.008050 0.017889
0 0.254070 0.110912 0.009392 0.010733
0 0.235286 0.060823 0.006708 0.007156