0 0.138014 0.491950 0.018784 0.025045
0 0.126610 0.557245 0.028175 0.033989
0 0.282916 0.751342 0.026834 0.035778
0 0.305054 0.766547 0.036225 0.051878
0 0.373479 0.796959 0.028175 0.041145
0 0.493560 0.533095 0.032200 0.028623
0 0.402996 0.519678 0.030859 0.041145
0 0.592844 0.512522 0.026834 0.026834
0 0.666637 0.496422 0.026834 0.026834
0 0.783363 0.510733 0.018784 0.023256
0 0.191682 0.105546 0.016100 0.017889
0 0.254741 0.211091 0.013417 0.014311
0 0.314445 0.220036 0.014758 0.017889
0 0.451297 0.206619 0.012075 0.019678
0 0.625045 0.146691 0.010733 0.010733
0 0.589490 0.084079 0.017442 0.010733
0 0.812209 0.174419 0.012075 0.012522
0 0.250045 0.102862 0.014758 0.012522
0 0.286270 0.088551 0.009392 0.001789
0 0.309750 0.089445 0.008050 0.007156
0 0.341950 0.095707 0.013417 0.012522