0 0.219186 0.761181 0.025492 0.037567
0 0.646512 0.744186 0.026834 0.032200
0 0.738417 0.716458 0.022809 0.037567
0 0.874597 0.796064 0.026834 0.032200
0 0.816905 0.888193 0.029517 0.037567
0 0.911494 0.824687 0.014758 0.025045
0 0.883989 0.282648 0.010733 0.021467
0 0.867889 0.248658 0.016100 0.025045
0 0.833676 0.239714 0.012075 0.017889
0 0.746467 0.107335 0.009392 0.014311
0 0.343292 0.466011 0.029517 0.033989
0 0.386225 0.430233 0.018784 0.023256
0 0.515027 0.533095 0.029517 0.028623
0 0.599553 0.510733 0.026834 0.026834
0 0.511673 0.494633 0.022809 0.023256
0 0.421780 0.530411 0.028175 0.023256
0 0.127952 0.360465 0.017442 0.030411
0 0.184302 0.385510 0.025492 0.023256
0 0.278220 0.271020 0.017442 0.019678
0 0.305054 0.347048 0.014758 0.021467
0 0.305054 0.199463 0.017442 0.012522
0 0.327862 0.137746 0.017442 0.017889
0 0.246690 0.120751 0.018784 0.019678
0 0.215161 0.089445 0.014758 0.014311
0 0.191682 0.089445 0.008050 0.007156