0 0.066905 0.696780 0.024150 0.044723
0 0.012657 0.686941 0.025313 0.035778
0 0.258766 0.311270 0.021467 0.021467
0 0.297674 0.280859 0.024150 0.025045
0 0.349329 0.279070 0.012075 0.021467
0 0.380859 0.264758 0.016100 0.017889
0 0.596869 0.507156 0.021467 0.030411
0 0.502281 0.534884 0.033542 0.025045
0 0.388909 0.504472 0.016100 0.014311
0 0.405680 0.531306 0.020125 0.025045
0 0.743113 0.525045 0.021467 0.026834
0 0.696825 0.451699 0.020125 0.019678
0 0.698166 0.500894 0.020125 0.021467
0 0.860510 0.451699 0.022809 0.019678
0 0.889356 0.402504 0.026834 0.017889
0 0.722987 0.342576 0.016100 0.019678
0 0.768605 0.341682 0.018784 0.017889
0 0.792084 0.364937 0.014758 0.021467
0 0.284258 0.750447 0.021467 0.033989
0 0.363417 0.799642 0.037567 0.032200
0 0.316458 0.771914 0.024150 0.026834
0 0.202231 0.171623 0.009224 0.010063
0 0.256736 0.170505 0.012578 0.012299
0 0.313339 0.153175 0.013417 0.015653
0 0.268895 0.152057 0.010063 0.017889
0 0.216067 0.155970 0.011740 0.012299
0 0.242062 0.103421 0.016771 0.012299
0 0.285666 0.093918 0.015094 0.011181
0 0.339753 0.097831 0.004193 0.012299
0 0.307469 0.091682 0.010063 0.013417
0 0.708715 0.183363 0.010901 0.013417
0 0.703097 0.139199 0.011740 0.012299
0 0.731189 0.101744 0.014255 0.011181
0 0.743347 0.129137 0.013417 0.012299
0 0.227236 0.057245 0.012075 0.007156