0 0.028667 0.485689 0.025492 0.023256
0 0.058184 0.624329 0.017442 0.025045
0 0.096422 0.561717 0.026834 0.028623
0 0.111181 0.605546 0.024150 0.023256
0 0.190340 0.747764 0.024150 0.028623
0 0.237970 0.787120 0.030859 0.028623
0 0.321154 0.763864 0.025492 0.025045
0 0.647853 0.703936 0.016100 0.026834
0 0.510331 0.539356 0.025492 0.030411
0 0.393605 0.513417 0.022809 0.032200
0 0.860510 0.462433 0.022809 0.026834
0 0.899419 0.449911 0.022809 0.033989
0 0.622361 0.302326 0.013417 0.017889
0 0.687433 0.318426 0.017442 0.014311
0 0.748479 0.289803 0.016100 0.010733
0 0.731038 0.313059 0.013417 0.017889
0 0.783363 0.258497 0.010733 0.016100
0 0.865206 0.224508 0.013417 0.012522
0 0.739088 0.131485 0.013417 0.012522
0 0.700179 0.147585 0.013417 0.008945
0 0.656574 0.147585 0.020125 0.023256
0 0.628399 0.140429 0.012075 0.012522
0 0.226565 0.321109 0.026834 0.019678
0 0.205098 0.200358 0.013417 0.021467
0 0.246690 0.200358 0.018784 0.021467
0 0.333900 0.216458 0.013417 0.025045
0 0.226565 0.125224 0.021467 0.025045
0 0.261449 0.155635 0.016100 0.017889
0 0.324508 0.089445 0.013417 0.021467
0 0.280233 0.175313 0.021467 0.014311
0 0.586136 0.235242 0.010733 0.023256