0 0.926923 0.919499 0.029517 0.057245
0 0.598882 0.804114 0.044275 0.041145
0 0.296333 0.760286 0.026834 0.032200
0 0.239311 0.758497 0.025492 0.035778
0 0.205769 0.736136 0.022809 0.033989
0 0.059526 0.497317 0.020125 0.028623
0 0.015921 0.512522 0.018784 0.023256
0 0.224553 0.394454 0.028175 0.033989
0 0.286941 0.402504 0.013417 0.017889
0 0.350671 0.478533 0.020125 0.016100
0 0.522406 0.540250 0.022809 0.014311
0 0.454651 0.530411 0.013417 0.019678
0 0.641816 0.400716 0.012075 0.021467
0 0.711583 0.443649 0.014758 0.021467
0 0.827639 0.354204 0.008050 0.014311
0 0.750492 0.307692 0.017442 0.017889
0 0.716279 0.298748 0.013417 0.025045
0 0.656574 0.319320 0.020125 0.023256
0 0.617665 0.192308 0.025492 0.019678
0 0.782692 0.177102 0.012075 0.017889
0 0.753175 0.107335 0.014758 0.007156
0 0.739758 0.103757 0.009392 0.014311
0 0.237299 0.191413 0.013417 0.010733
0 0.199732 0.135957 0.018784 0.021467
0 0.267487 0.118068 0.017442 0.014311
0 0.294320 0.127013 0.014758 0.017889
0 0.215161 0.053667 0.009392 0.014311
0 0.384213 0.298748 0.022809 0.017889
0 0.392263 0.274597 0.041592 0.026834