0 0.696825 0.940966 0.041592 0.042934
0 0.714267 0.744186 0.028175 0.042934
0 0.770617 0.675313 0.025492 0.041145
0 0.210465 0.761181 0.032200 0.026834
0 0.085689 0.660107 0.024150 0.032200
0 0.072272 0.496422 0.021467 0.026834
0 0.182290 0.489267 0.021467 0.023256
0 0.254741 0.450805 0.021467 0.021467
0 0.398301 0.512522 0.024150 0.051878
0 0.457335 0.529517 0.018784 0.035778
0 0.523077 0.547406 0.021467 0.014311
0 0.566682 0.525939 0.025492 0.035778
0 0.586136 0.497317 0.021467 0.021467
0 0.545215 0.472272 0.017442 0.021467
0 0.242665 0.265653 0.018784 0.019678
0 0.268157 0.150268 0.018784 0.017889
0 0.307066 0.137746 0.008050 0.010733
0 0.627057 0.210197 0.017442 0.008945
0 0.697496 0.200358 0.016100 0.021467
0 0.790742 0.203041 0.012075 0.012522
0 0.372138 0.162791 0.017442 0.025045
0 0.350000 0.132379 0.018784 0.025045