0 0.936986 0.717352 0.025492 0.039356
0 0.847093 0.657424 0.020125 0.037567
0 0.647853 0.621646 0.024150 0.030411
0 0.432513 0.822004 0.025492 0.026834
0 0.318470 0.768336 0.030859 0.030411
0 0.371467 0.784436 0.021467 0.030411
0 0.433184 0.727191 0.026834 0.030411
0 0.171556 0.567084 0.018784 0.025045
0 0.057513 0.587657 0.018784 0.019678
0 0.130635 0.388193 0.022809 0.025045
0 0.246690 0.354204 0.018784 0.017889
0 0.365429 0.371199 0.020125 0.019678
0 0.394275 0.303220 0.021467 0.012522
0 0.005948 0.546512 0.011896 0.030411
0 0.548569 0.518784 0.029517 0.028623
0 0.568023 0.487478 0.020125 0.019678
0 0.645170 0.443649 0.032200 0.021467
0 0.720304 0.451699 0.021467 0.023256
0 0.767934 0.436494 0.017442 0.025045
0 0.812880 0.304114 0.013417 0.017889
0 0.745796 0.296064 0.018784 0.019678
0 0.711583 0.300537 0.017442 0.017889
0 0.202415 0.220930 0.018784 0.016100
0 0.239982 0.153846 0.010733 0.010733
0 0.272182 0.145796 0.016100 0.016100
0 0.317129 0.174419 0.006708 0.012522
0 0.344633 0.148479 0.010733 0.017889
0 0.212478 0.051878 0.014758 0.010733
0 0.243336 0.085868 0.012075 0.010733
0 0.261449 0.083184 0.008050 0.008945
0 0.849106 0.610018 0.024150 0.039356
0 0.388238 0.504472 0.022809 0.021467
0 0.403667 0.539356 0.021467 0.030411