0 0.311762 0.092129 0.012075 0.012522
0 0.246690 0.280859 0.026834 0.017889
0 0.286941 0.268336 0.018784 0.017889
0 0.105814 0.726297 0.037567 0.032200
0 0.283587 0.754025 0.025492 0.026834
0 0.313775 0.801431 0.024150 0.028623
0 0.362075 0.764758 0.024150 0.033989
0 0.409034 0.762075 0.029517 0.032200
0 0.541860 0.660107 0.029517 0.032200
0 0.537165 0.915921 0.038909 0.035778
0 0.392934 0.504472 0.021467 0.032200
0 0.460018 0.528623 0.029517 0.033989
0 0.521064 0.538462 0.022809 0.028623
0 0.567352 0.526834 0.024150 0.023256
0 0.592173 0.504472 0.020125 0.032200
0 0.718292 0.240608 0.017442 0.019678
0 0.775313 0.217352 0.013417 0.019678
0 0.812880 0.207513 0.013417 0.010733
0 0.698874 0.136608 0.010368 0.014637
0 0.748272 0.144332 0.010368 0.015450
0 0.774496 0.148805 0.014027 0.014637
0 0.419767 0.730769 0.032200 0.030411