0 0.239311 0.067979 0.017442 0.014311
0 0.267487 0.178891 0.025492 0.021467
0 0.292979 0.164580 0.014758 0.021467
0 0.392263 0.508050 0.022809 0.035778
0 0.506977 0.533095 0.026834 0.028623
0 0.566011 0.524150 0.029517 0.025045
0 0.580098 0.487478 0.020125 0.033989
0 0.253399 0.770125 0.032200 0.041145
0 0.317800 0.800537 0.024150 0.044723
0 0.409705 0.790698 0.033542 0.035778
0 0.492218 0.733453 0.034884 0.028623
0 0.448614 0.697674 0.036225 0.035778
0 0.447943 0.663685 0.032200 0.032200
0 0.568023 0.601073 0.036225 0.035778
0 0.754517 0.651163 0.025492 0.035778
0 0.815563 0.636852 0.021467 0.032200
0 0.808184 0.539356 0.022809 0.026834
0 0.769946 0.803220 0.013417 0.017889
0 0.714267 0.344365 0.022809 0.033989
0 0.610286 0.091234 0.016100 0.017889
0 0.621020 0.156530 0.013417 0.019678
0 0.722317 0.180680 0.025492 0.017889
0 0.770617 0.183363 0.014758 0.023256
0 0.774642 0.271914 0.020125 0.021467
0 0.724329 0.239714 0.018784 0.021467