0 0.837701 0.615385 0.030859 0.035778
0 0.850447 0.490161 0.021467 0.028623
0 0.904785 0.493739 0.014758 0.021467
0 0.674687 0.314848 0.018784 0.021467
0 0.623703 0.315742 0.021467 0.019678
0 0.508989 0.527728 0.025492 0.021467
0 0.492218 0.573345 0.024150 0.026834
0 0.468739 0.613596 0.020125 0.032200
0 0.297004 0.778175 0.041592 0.039356
0 0.451297 0.525045 0.025492 0.026834
0 0.370796 0.483005 0.025492 0.035778
0 0.545885 0.468694 0.016100 0.028623
0 0.217844 0.441860 0.036225 0.035778
0 0.171556 0.455277 0.024150 0.026834
0 0.138685 0.363148 0.022809 0.025045
0 0.250716 0.330948 0.016100 0.017889
0 0.280903 0.350626 0.020125 0.035778
0 0.206440 0.285331 0.016100 0.019678
0 0.240653 0.185152 0.014758 0.019678
0 0.229919 0.263864 0.025492 0.019678
0 0.190340 0.085868 0.016100 0.014311
0 0.223211 0.093023 0.014758 0.021467
0 0.258095 0.092129 0.012075 0.016100
0 0.283587 0.090340 0.012075 0.008945