0 0.164848 0.737030 0.037567 0.042934
0 0.200402 0.719141 0.030859 0.042934
0 0.506977 0.542039 0.037567 0.039356
0 0.703533 0.277281 0.022809 0.021467
0 0.747809 0.186047 0.020125 0.014311
0 0.732379 0.128801 0.008050 0.007156
0 0.667979 0.117174 0.013417 0.026834
0 0.708900 0.171735 0.012075 0.007156
0 0.108497 0.545617 0.029517 0.032200
0 0.072943 0.490161 0.017442 0.028623
0 0.105814 0.415027 0.024150 0.021467
0 0.199061 0.359571 0.017442 0.025045
0 0.233274 0.366726 0.013417 0.017889
0 0.311091 0.344365 0.010733 0.016100
0 0.350671 0.338998 0.014758 0.026834
0 0.380188 0.320215 0.014758 0.017889
0 0.301029 0.276386 0.014758 0.019678
0 0.262120 0.288014 0.009392 0.017889
0 0.247361 0.268336 0.017442 0.014311
0 0.191682 0.130590 0.005367 0.010733
0 0.233945 0.128801 0.006708 0.014311
0 0.305724 0.130590 0.010733 0.010733
0 0.404338 0.522361 0.017442 0.021467
0 0.412388 0.475850 0.025492 0.021467