0 0.199732 0.122540 0.010733 0.019678
0 0.251386 0.135063 0.014758 0.016100
0 0.234615 0.200358 0.016100 0.021467
0 0.273524 0.201252 0.018784 0.019678
0 0.274866 0.260286 0.018784 0.012522
0 0.246690 0.355098 0.010733 0.023256
0 0.127281 0.441860 0.026834 0.025045
0 0.278220 0.778175 0.028175 0.046512
0 0.370796 0.789803 0.022809 0.037567
0 0.324508 0.785331 0.024150 0.032200
0 0.519723 0.976744 0.036225 0.046512
0 0.506306 0.538462 0.028175 0.039356
0 0.396288 0.516995 0.038909 0.046512
0 0.546556 0.471377 0.017442 0.030411
0 0.643157 0.214669 0.017442 0.021467
0 0.682066 0.227191 0.012075 0.017889
0 0.725000 0.189624 0.020125 0.014311
0 0.771288 0.173524 0.016100 0.017889
0 0.284258 0.089445 0.016100 0.014311