0 0.918873 0.672630 0.040250 0.050089
0 0.863193 0.658318 0.020125 0.035778
0 0.725671 0.766547 0.021467 0.037567
0 0.653220 0.769231 0.034884 0.035778
0 0.630411 0.888193 0.032200 0.048301
0 0.421109 0.748658 0.026834 0.037567
0 0.352012 0.813953 0.020125 0.039356
0 0.223211 0.665474 0.033542 0.035778
0 0.295662 0.797853 0.044275 0.042934
0 0.380188 0.792487 0.038909 0.046512
0 0.320483 0.763864 0.037567 0.046512
0 0.589490 0.495528 0.028175 0.032200
0 0.566682 0.525045 0.022809 0.037567
0 0.398971 0.504472 0.030859 0.035778
0 0.311091 0.422182 0.032200 0.021467
0 0.266145 0.410555 0.025492 0.041145
0 0.195036 0.415027 0.028175 0.028623
0 0.144723 0.397138 0.029517 0.042934
0 0.245349 0.259392 0.021467 0.025045
0 0.187657 0.225403 0.016100 0.025045
0 0.162835 0.220930 0.012075 0.019678
0 0.302370 0.227191 0.020125 0.010733
0 0.345304 0.203936 0.012075 0.014311
0 0.330546 0.151163 0.014758 0.019678
0 0.252728 0.131485 0.012075 0.012522
0 0.233274 0.108229 0.024150 0.019678
0 0.646512 0.245975 0.021467 0.041145
0 0.622361 0.258497 0.018784 0.019678
0 0.727683 0.105546 0.017442 0.017889
0 0.746467 0.113596 0.017442 0.030411