0 0.737075 0.939177 0.041592 0.053667
0 0.848435 0.887299 0.038909 0.042934
0 0.903444 0.769231 0.030859 0.042934
0 0.986270 0.767442 0.027460 0.053667
0 0.815563 0.466905 0.032200 0.025045
0 0.749821 0.395349 0.024150 0.032200
0 0.671333 0.422182 0.020125 0.021467
0 0.791413 0.255814 0.016100 0.032200
0 0.851118 0.243292 0.025492 0.035778
0 0.669991 0.128801 0.028175 0.021467
0 0.621020 0.136852 0.016100 0.016100
0 0.082335 0.819320 0.030859 0.042934
0 0.150089 0.845259 0.029517 0.030411
0 0.203757 0.743292 0.040250 0.037567
0 0.276207 0.749553 0.026834 0.032200
0 0.180277 0.656530 0.025492 0.032200
0 0.137343 0.631485 0.028175 0.032200
0 0.311091 0.463327 0.021467 0.032200
0 0.378846 0.512522 0.022809 0.026834
0 0.547898 0.470483 0.022809 0.025045
0 0.284258 0.152952 0.013417 0.012522
0 0.241324 0.101968 0.013417 0.010733
0 0.327862 0.161002 0.012075 0.014311
0 0.338596 0.088551 0.009392 0.012522